19718124047
92641736330
89160323264
05965420978
02489909185
37266409837
90090654560
88710682465
70395690609
05218462500
78308321968
94074412616
90596358687
67255245838
92190160367
33844188320
17230537088
26513343674
65410517806
92512824632
19262714327
91512856061
11646930347
65468796899
95153193403
00650398742
51779168390
72917777125
59077312650
17006847877
86730720506
85963736161
28170121272
15079438304
31812383843
39919231223
39059809670
73045855601
42345235268
31155816455
18825782527
71175570958
88196768508
15852998982
72852783860
20287868761
13818627720
16187794354
16295404049
68092916446
36476932942
76521433067
01771196408
92324860910
42114070905
07405880606
67681741186
26369373826
16740864748
90233893288
24339367052
60389993530
64616752303
61543610250
71000903850
90567791416
27404864488
47480446241
54111446981
45378856108
68332542308
30561532630
86992215094
46046871964
24839648506
22899370618
31181126037
64156389634
43627179196
81652204466
57840909922
76129349491
72616590298
19034368939
16298569081
87528021598
36319882654
09628300890
83759425534
44326557800
32280506963
40533850916
24697971876
94442670676
71926455088
57904808960
15938996538
11099442680
72843841666
70034825096
17135682769
17178163208
56078612956
59637473688
01876379545
62929636084
61977558747
43424531260
47945745334
19995692457
12484688059
12652989987
10033005451
03553569450
49609369081
96466007510
46027359919
29788185819
69078388773
50504469886
10808815148
93057992560
82424944105
50459383809
64025454068
18458930269
16578366067
51061589749
67816153430
34151910280
78978980082
84154303023
97771140955
60156037980
95139699753
69939996845
97964635808
77517841050
21084873524
98541958809
73004771357
75219898485
66860503858
44955957250
04128797359
84597846905
66220543637
41164416944
40748454829
29909167417
64552023179
50093595700
54974835262
45987680026
70877145385
70280278136
25610557798
70402892534
94988589188
28110005934
24522865082
16475064416
52934104664
81168167647
30180258494
24417571309
50350305129
16192629757
40984831142
59025592350
91151191906
46022919967
23527886095
55515774817
67786682295
30224422200
44257489642
67077223442
73928258010
43394386003
37736740070
45107332595
94767350310
24913492136
79044787063
47695379565
09813104198
14834490505
18332143667
95144392873
91211131220
54696402053
21053748752
05228340190
75502631915
41069579815
14751233106
56718044342
22971712850
64254087586
88269675121
10346980011
60404817653
14927504689
57641022944
94477504942
51728630797
35220725459
35726949145
19314451259
48013463249
06979053493
45803891665
90290802210
75284015797
46968556430
27764319961
65478742902
20190181109
91976549060
44746822115
28582009399
80993662129
53229204204
74672587045
56269454158
09407602230
42949336663
89472005063
06272407203
23788470925
57167400491
85215243743
67236085260
97530804170
36661854529
91334553920
40893708682
73260650393
56173381702
16916740442
87721089590
47037871800
94234865680
49384642177
52945102005
90029124395
14969929203
35054165258
31123678049
47103475733
14895042812
30218204175
49189999800
37058143897
94119461947
69294024270
28561523760
93438476100
89023938607
89439967722
23328502874
20240487656
56296284454
34319489284
18238729726
26764584265
65974633580
39043484423
54599355631
54240666074
72492361993
54086629933
31954973365
38315164724
32215502606
60205431372
19760201747
11901432246
21477714650
82397154358
37448857983
22052572694
92024028330
23183846730
28076892643
16121768010
83713265305
96364354130
70455725578
03788124326
34856777017
81568409842
40564980838
99820497205
15595865598
32234522650
14808760975
46038151311
93499610833
63661475665
20728612097
86071199409
76971544714
45104924300
94527570277
71985426897
17514495991
09375182630
91863435727
17559228844
27551560742
63943246396
09308705732
61355017556
49251172978
06907130963
77598584931
06903770968
38115753173
61149361247
85302339994
85081372226
20948177764
38296740826
05771394360
26811968842
11588724298
41378577094
13098712643
04089401402
12940344302
22255528002
74421773522
17861427676
54215477441
49538987454
42071096924
49915349920
89174552473
25176760703
97832463481
22811068961
89026506856
08274181751
03282693524
63556474140
78236651665
59601965068
27299358514
85229318953
33949207600
99317019510
98491641238
15297829291
59720345306
58345269931
18921497617
07856122897
02252486970
45247655907
66483066880
16272637136
61714565190
64455333290
80308050711
95130191870
43117567046
31809569176
50160027624
81267803045
76479581865
82222632188
06785570719
97632632476
05198465160
93980520595
16235383436
90458364088
19276972200
92016246979
88077959814
76148452189
14203188881
28760303301
30992393302
77129257555
34938170108
45972911566
19578443617
67711305761
92769070509
51619010208
31717876447
75836486530
01742687008
91331359830
91112766227
90096811307
63053882701
11412135672
64314801638
74096496901
27331024353
14861251664
60672478528
62726432921
95838076216
42311374800
75226895119
15867884503
35800610037
95502144518
91686677790
93495962107
50300850336
02751307973
07847544628
24434715003
37335484006
79530902280
45596185426
34490895283
03545556697
58228392311
14179932512
01810364876
53071868510
14046854308
45008909207
30043310800
11736756559
69633077257
50094300704
12156855480
35266414391
28638384742
06983679792
22807889930
13919781295
56023508375
47518347547
22678521362
84968133200
43098204761
06520620670
76149013200
02306569002
54386869808
34240233615
95099732461
20338636382
27889746989
82193717907
18241128150
60339366710
01470229323
55982446912
49591534744
62739695152
94222596574
76211123108
77911948135
00580044165
63081775809
22537504097
76295611990
74159664814
43587629560
33082621260
56997630073
82615402358
15220559087
06716933360
10603251102
50858185040
23572143250
34949448307
37693251090
32356338390
31806059010
54902185253
85979968970
75132319823
93115448848
70956376959
38631894001
97549067503
28184866534
47654401680
13388631182
02716488568
40041641760
39436769350
16556942600
81047205467
23862607470
83794004965
94173416342
18141623567
54818433152
30413094758
44845404605
36540372329
31241702373
18052940400
73305855304
81742679641
66692915740
11631370901
60319390020
42237534870
07292009301
48872060974
05627220171
68685718368
55707515720
00605966516
46884851155
55605286250
37181307770
73190728151
28996467707
46822101900
75009839563
78539908980
94011779296
00908993854
28658871975
28578492650
58022477974
28677902392
52834313202
29803965409
58016189610
72918569062
52217349074
93913239952
78704399404
77629297203
69477981249
49186948105
72950228801
38578260619
22394815957
75146266891
36361624897
86200517177
54856508725
94338974125
63771993334
20677430078
03005843343
90288393139
66081220206
98795224009
89187413914
40004651715
59603252760
17737541659
77554058932
04713866261
46140424224
64923163208
22887473743
85455502867
59911342603
00583371728
42213474060
18353501350
71303888548
09512577810
36695916721
28145849950
65484856370
83808065303
62281324907
51005028001
01233552813
27744671015
97352160000
91725242192
69415216514
65653531669
52639255576
72944712748
21965466400
75616490610
84935165979
43243610885
04721659415
30896871436
17498547597
52270167716
72351585577
79094258641
31048007235
40895424053
58160069758
49005702907
17638405730
21890731706
46929250511
76958027353
63829647433
50903382563
79526810287
61003940498
26147724614
73840098807
88880411683
38391694615
31081326280
98846909879
18489669546
87733657938
08699930704
79731554068
94715237962
01414303386
88528098567
86742676108
82969797488
77036255234
91523825324
52146657413
82200221673
30796102295
55024804708
83540282599
89464841010
87464396685
89782712949
36916877502
20937818321
36580563397
80892434368
24803076979
76089646938
30963228994
29892294777
09935489205
45128087522
96503954310
32130156100
84715159112
13130656928
18354746674
41753173337
39265708816
91288700857
95198953377
20365663832
29047437900
00794165192
33088353632
83730103946
18220064145
08149648267
94437686152
08280548866
83502218609
86077640395
75605363794
90614910455
92136686194
59592977445
43682930108
34894228564
02966397020
71989566294
37986752360
24892706051
21618496972
91959564501
22325937704
31122900384
83927244708
79336416103
62861351110
11433759128
12368368124
62749284643
25842136643
76827008150
74252401909
84389086910
28632116762
19093004972
62805216130
10659494809
11902639200
80537323058
02678372677
42554029300
12484812329
09881139023
54450961579
72447369913
11668658607
48912992074
25982445916
96725383246
62823837493
28126901004
41031197990
25167245788
90248927833
46276886440
20345150643
98734310550
70566477076
28069285834
55755898707
19339418638
88155096742
13315848173
55387633825
47111385870
34384709501
11844218970
45102484400
34144037061
85488472045
91259226298
07659237187
84593700540
31506951988
93606765002
61871005655
25947113732
21665421312
83713093504
65865730843
91202103960
17437873753
41911125702
77892411763
78125972536
84551302708
57512072031
59455527987
35410190343
61549856901
86033527399
41895424585
56505911723
98197615063
96110638811
49982602357
31000165132
53276413922
40926797697
23331392421
49852221353
01432112341
31599944146
94780695864
10355800551
55843196780
79555878129
38518294258
31614065322
29134131370
07552499761
70893254827
22529873755
13765750271
15971453947
66814140284
68589189490
84205894970
51722724021
23667318413
76460207615
68182150680
05674591873
51445081466
57150355030
60966286561
74327188905
29712830977
06629426550
32228728489
09402438904
45102457934
21260385132
53894423773
46967970070
16312408701
18823612373
33605455913
97528659681
43717245589
06789217681
45390818539
66845788111
58109854591
80451897200
58352563106
78013565602
10636517195
69035838157
86883191380
45204223371
25888786446
00581913728
74719820808
27809103210
05451609365
82813389030
53534687248
75284692039
50995957231
37887414903
69885249400
63338035101
31710935456
51261982622
42230734512
78495989891
21700609521
49363148700
18640245509
64559394687
71509097015
77542517791
63918581799
86780534617
01542567220
12564360629
48279936882
76600923245
36219849841
80110217888
63515733353
59575751604
36881234333
73478651743
90127138706
28523025006
93958487823
85245983958
51930484208
36953633395
74851071515
15857257654
84941123093
29617453738
97222687750
87077774856
55634837626
69750433963
67456778493
67213528777
36829436761
21103067427
84278840284
82254722840
70419533605
05403829571
47835869187
28885342906
18688690758
96690317960
35841761153
92923879953
86619325645
23664110498
96185516608
01987454197
26135344196
50938723006
18917204732
74666981233
96571559404
59575540735
65253488898
61171688105
53880868360
11935576666
59581470050
21047925508
41343511623
44050394960
52129136834
09204068582
95242955120
24241896685
69154820910
16433193021
92536178455
70789607182
19583283401
34995089233
53349202691
78797021059
47583204119
84879413208
03446265716
25746998311
56750681980
35550351420
26514596231
35201945708
16801200267
98574274488
23928683284
63333878356
47588036419
11054721670
88807880512
58128808320
82804419215
48267415610
12045977315
51086803175
23052700383
89964891407
10296325961
38186763139
34894815508
78894250237
82747539334
51776135938
87173305721
30171383052
12754185704
09454731416
00171275640
16656723233
02085000142
09314687600
96938961220
38725396714
23175439217
12651970670
90148589308
58447666603
60766814203
35343819800
11639258450
91247971384
70755844211
78777031806
85878518880
74577154609
51729040853
90031878946
08038577051
22391673949
09667150984
13560387515
74527829920
36407147840
83005854868
49277622547
00538652519
21736241800
97551941185
60460590626
70933002351
34108459415
21284289630
17854859973
40036887404
42992336467
34434747215
97486092000
27651881141
71120507316
79837530715
73109994526
98778962064
86249414746
36344948400
43806748608
71582419043
20038949180
69275590788
57728993259
55496510929
01848986092
89317876188
97281400373
13793389995
68312163662
69144941188
09868778832
52771029499
09948243781
79015950008
04007989567
56138607937
51341863913
75998583779
67306261860
03088354841
27618429286
17839507735
